4	502.9880000000007
5	402.65700000000106
6	335.6720000000001
7	287.8800000000006
8	252.10499999999928
9	224.15599999999898
10	201.83999999999943
11	183.62599999999884
12	168.35399999999854
13	155.5679999999989
14	144.60099999999863
15	135.05199999999945
16	126.66499999999998
17	119.19499999999996
18	112.71199999999996
19	106.84699999999995
20	101.597
21	96.83999999999996
22	92.52299999999995
23	88.539
24	84.81699999999996
25	84.81699999999996
26	84.81699999999996
27	84.81699999999996
28	84.81699999999996
29	84.81699999999996
30	84.81699999999996
31	84.81699999999996
32	84.81699999999996
33	84.81699999999996
34	84.81699999999996
