4	512.158
5	409.04100000000113
6	346.0650000000001
7	304.2190000000003
8	259.8510000000002
9	231.4669999999997
10	210.17199999999931
11	191.11599999999981
12	176.03399999999965
13	168.816
14	155.10799999999998
15	143.9489999999998
16	133.60799999999995
17	125.21799999999999
18	120.21799999999999
19	114.27599999999998
20	107.106
21	102.98
22	97.80299999999998
23	95.384
24	93.979
25	92.546
26	92.934
27	91.926
28	90.25
29	90.24299999999998
30	91.61
31	89.155
32	90.911
33	89.976
34	94.59
