4	509.92800000000005
5	415.8940000000002
6	351.711
7	295.0900000000001
8	260.92800000000017
9	232.64599999999982
10	208.4279999999991
11	197.90799999999982
12	176.09499999999977
13	162.59
14	156.423
15	140.60000000000002
16	133.10599999999988
17	127.65399999999998
18	118.615
19	110.84799999999998
20	109.33699999999999
21	106.28399999999999
22	106.13000000000001
23	95.2
24	94.71000000000001
25	92.33
26	93.09899999999999
27	93.16
28	92.118
29	93.274
30	92.365
31	92.167
32	91.06199999999998
33	91.032
34	89.93900000000001
