4	527.2960000000008
5	403.5750000000002
6	351.5400000000007
7	287.99000000000063
8	264.6400000000004
9	224.8469999999993
10	212.10599999999965
11	183.91599999999974
12	176.5959999999991
13	155.7779999999985
14	151.30599999999924
15	135.19299999999944
16	133.46999999999971
17	119.63499999999996
18	118.74799999999998
19	107.329
20	107.165
21	96.99699999999997
22	96.75399999999999
23	88.744
24	89.10499999999998
25	89.10499999999998
26	89.10499999999998
27	89.10499999999998
28	89.10499999999998
29	89.10499999999998
30	89.10499999999998
31	89.10499999999998
32	89.10499999999998
33	89.10499999999998
34	89.10499999999998
