 20 20
 0 50 1 90 2 39 3 34 4 66 5 81 6 27 7 48 8 46 9 68 10 48 11 92 12 78 13 84 14 93 15 39 16 43 17  1 18 65 19 87
 0 78 1 56 2  9 3 43 4 84 5 73 6 66 7 38 8 83 9 57 10 97 11 52 12 77 13 13 14 12 15  2 16 65 17 93 18 39 19  1
 0 36 1 43 2 10 3 19 4 55 5 48 6 85 7 70 8 82 9 39 10 91 11 82 12 85 13 17 14  6 15 54 16 87 17 85 18  4 19 72
 0 85 1 88 2 60 3 98 4  4 5 99 6 53 7 21 8 33 9 53 10 63 11 18 12 45 13 29 14 43 15 41 16 80 17  4 18 31 19 19
 0  9 1 92 2 98 3 44 4 51 5  8 6 31 7 15 8 47 9 31 10 80 11 83 12 20 13 84 14 69 15 49 16 93 17 39 18 13 19 88
 0 75 1 64 2 96 3 95 4 22 5 41 6 26 7 33 8 68 9  9 10 81 11 28 12 61 13 69 14 37 15 57 16 36 17 80 18 96 19 74
 0 46 1 94 2  6 3 19 4 20 5 51 6 85 7 92 8 43 9 75 10 70 11 70 12 36 13 31 14 76 15 63 16 89 17 46 18 25 19 88
 0 73 1  3 2 56 3 73 4 80 5 82 6 36 7 98 8 90 9 46 10 10 11 46 12 65 13 83 14 75 15 47 16 61 17 28 18 59 19 22
 0 71 1 49 2 36 3 87 4  8 5 25 6 76 7 73 8 80 9  6 10  6 11 33 12 79 13 10 14 93 15 65 16 26 17 73 18 42 19 18
 0  7 1 40 2 33 3 64 4  5 5 25 6 89 7 95 8 58 9 83 10 28 11 35 12 74 13  5 14  6 15  9 16  3 17  2 18 35 19 41
 0 49 1 49 2 15 3 18 4 65 5 55 6  1 7 79 8 10 9 37 10 77 11 80 12 79 13 84 14 93 15 21 16 85 17 64 18 46 19 35
 0  3 1 53 2 59 3  7 4 65 5 58 6 24 7 55 8 26 9 40 10 89 11 94 12 51 13 74 14 54 15 86 16 22 17 83 18 19 19 44
 0 60 1 88 2 15 3 26 4 11 5 16 6 55 7 59 8 81 9 53 10 92 11 23 12 55 13 79 14 13 15 89 16  2 17 17 18 97 19 41
 0 12 1 47 2 46 3 17 4 43 5 16 6 91 7 94 8 73 9 89 10 12 11 58 12 25 13 24 14 55 15  1 16 67 17  3 18  1 19 71
 0 75 1 19 2 60 3 87 4 27 5 48 6 72 7 88 8 48 9 59 10 74 11 86 12 49 13 94 14 15 15 95 16 41 17 94 18 15 19 71
 0 31 1 61 2 47 3 32 4 34 5 69 6 32 7  1 8  1 9 80 10 19 11 57 12 98 13 37 14 31 15 51 16 66 17 38 18 62 19 72
 0 70 1 78 2 41 3  9 4 47 5 94 6 26 7 65 8 17 9 42 10 59 11 80 12  7 13 75 14 63 15 96 16  7 17 10 18 47 19 38
 0 20 1 78 2 38 3 26 4 64 5 62 6 11 7 38 8 68 9 37 10 74 11  9 12 65 13 16 14 38 15 85 16 50 17 62 18 39 19 97
 0 88 1 30 2 34 3 33 4 21 5  7 6 94 7 10 8 73 9 85 10 82 11 62 12 99 13 67 14 61 15 10 16  4 17 70 18 31 19 49
 0  9 1 41 2 22 3 34 4 83 5 55 6  3 7  8 8 75 9 30 10 57 11 65 12 89 13 60 14 90 15 84 16 74 17 17 18  2 19 19