2788
2788
2777
2735
2744
2749
2770
2777
2781
2797
2773
2711
2711
2720
2726
2755
2774
2774
2729
2713
2698
2692
2669
2680
2775
2743
2704
2794
2840
2864
2855
2855
2906
2865
2814
2898
2871
2879
2854
2857
2889
2885
2886
2869
2838
2838
2866
2775
2784
2800
2781
2828
2803
2802
2806
2806
2803
2732
2732
2657
2630
2630
2742
2755
2707
2673
2653
2653
2714
2755
2712
2679
2629
2687
2673
2704
2726
2668
2627
2761
2721
2731
2682
2735
2658
2672
2662
2712
2550
2499
2593
2634
2658
2604
2547
2538
2616
2572
2598
2614
2581
2607
2667
2713
2682
2694
2677
2667
2621
2692
2772
2796
2744
2694
2694
2694
2710
2638
2680
2661
2715
2698
2861
2834
2745
2708
2708
2743
2852
2873
2839
2868
2839
2870
2846
2763
2765
2741
2735
2685
2662
2818
2792
2826
2847
2833
2833
2836
2916
2901
2977
2901
2925
2965
2794
2866
2866
2742
2834
2966
2852
2877
2837
2917
2916
2811
2717
2737
2727
2750
2809
2770
2770
2851
2825
2843
2857
2832
2803
2796
2819
2818
2880
2801
2841
2840
2835
2770
2754
2747
2832
2856
2861
3007
3002
2937
2902
2897
2809
2826
2826
2899
2873
2784
2849
2851
2874
2857
2857
2759
2722
2710
2643
2714
2755
2706
2684
2647
2647
2647
2667
2744
2687
2663
2714
2671
2671
2660
2708
2641
2748
2746
2746
2715
2698
2644
2689
2689
2689
2734
2707
2670
2660
2697
2758
2768
2778
2778
2778
2753
2753
2847
2871
2871
2858
2795
2819
2701
2701
2684
2648
2724
2734
2734
2714
2797
2797
2820
2747
2707
2677
2698
2683
2669
2633
2677
2677
2644
2644
2685
2756
2842
2865
2910
2919
2919
2918
2714
2826
2869
2873
2845
2911
2911
2852
2857
2911
2753
2694
2670
2670
2710
2667
2667
2670
2730
2677
2730
2842
2809
2764
2777
2789
2773
2803
2741
2717
2717
2682
2682
2682
2683
2683
2683
2728
2728
2755
2620
2597
2684
2684
2684
2738
2817
2817
2817
2798
2821
2823
2823
2866
2935
2937
2891
2891
2840
2772
2748
2748
2704
2715
2715
2658
2740
2746
2746
2779
2797
2798
2848
2837
2853
2757
2715
2715
2684
2684
2675
2675
2715
2715
2740
2697
2697
2639
2576
2539
2539
2539
2579
2579
2579
2610
2610
2610
2610
2587
2587
2625
2639
2578
2638
2640
2640
2640
2640
2640
2640
2623
2623
2670
2670
2670
2664
2706
2706
2706
2718
2718
2694
2694
2694
2684
2675
2687
2624
2568
2588
2588
2588
2588
2588
2588
2588
2588
2601
2602
2602
2602
2602
2599
2599
2599
2599
2599
2599
2568
2602
2635
2693
2693
2693
2693
2659
2638
2641
2641
2641
2641
2641
2641
2641
2641
2641
2641
2641
2641
2641
2645
2636
2636
2636
2636
2654
2654
2654
2619
2619
2619
2607
2594
2594
2589
2579
2579
2579
2579
2579
2623
2614
2620
2620
2603
2603
2603
2603
2603
2599
2567
2567
2567
2567
2567
2567
2567
2567
2567
2567
2567
2567
2567
2567
2567
2561
2561
2561
2561
2561
2561
2548
2548
2518
2518
2518
2517
2515
2515
2515
2515
2515
2515
2515
2496
2496
2496
2496
2496
2496
2496
2496
2496
2496
2496
2461
2461
2461
2461
2461
2461
2461
2461
2461
2461
2461
2461
2461
2461
2461
2461
2461
2461
2461
2461
2461
2461
2461
2461
2461
2461
2461
2461
2474
2466
2466
2466
2466
2466
2466
2466
2466
2466
2466
2466
2466
2466
2466
2466
2466
2466
2466
2466
2466
2466
2466
2466
2466
2466
2466
2466
2466
2466
2466
2466
2466
2466
2466
2466
2466
2466
2466
2466
2466
2466
2466
2466
2466
2466
2466
2466
2466
2466
2466
2466
2466
2466
2466
2466
2466
2466
2466
2466
2466
2466
2465
2465
2465
2465
2465
2465
2465
2465
2465
2465
2465
2465
2465
2454
2454
2454
2454
2454
2454
2454
2454
2454
2454
2454
2454
2454
2454
2454
2454
2454
2454
2454
2454
2454
2454
2454
2454
2454
2454
