0	0.0030000000000000027
1	0.0040000000000000036
2	0.10700000000000001
3	0.10600000000000001
4	0.11000000000000004
5	0.22000000000000006
6	0.11000000000000004
7	0.22000000000000006
8	0.10999999999999999
9	0.10999999999999999
10	0.10999999999999999
11	0.21999999999999997
12	0.10999999999999999
13	0.21999999999999997
14	0.10999999999999999
15	0.10999999999999999
16	0.10999999999999999
17	0.21999999999999997
18	0.10999999999999999
19	0.21999999999999997
20	0.10999999999999999
21	0.10999999999999999
22	0.10999999999999999
23	0.21999999999999997
24	0.10999999999999999
25	0.21999999999999997
26	0.1100000000000001
27	0.1100000000000001
28	0.1100000000000001
29	0.2200000000000002
30	0.1100000000000001
31	0.2200000000000002
32	0.1100000000000001
33	0.1100000000000001
34	0.1100000000000001
35	0.2200000000000002
36	0.1100000000000001
37	0.2200000000000002
38	0.1100000000000001
39	0.1100000000000001
40	0.1100000000000001
41	0.2200000000000002
42	0.1100000000000001
43	0.2200000000000002
44	0.1100000000000001
45	0.1100000000000001
46	0.1100000000000001
47	0.2200000000000002
48	0.1100000000000001
49	0.2200000000000002
50	0.1100000000000001
51	0.1100000000000001
52	0.10999999999999965
53	0.21999999999999975
54	0.10999999999999965
55	0.21999999999999975
56	0.10999999999999988
57	0.10999999999999988
58	0.10999999999999988
59	0.21999999999999975
60	0.10999999999999988
61	0.21999999999999975
62	0.10999999999999988
63	0.10999999999999988
64	0.10999999999999988
65	0.21999999999999975
66	0.10999999999999988
67	0.21999999999999975
68	0.10999999999999988
69	0.10999999999999988
70	0.10999999999999988
71	0.21999999999999975
72	0.10999999999999988
73	0.21999999999999975
74	0.11100000000000021
75	0.22100000000000009
76	0.22100000000000009
77	0.21999999999999975
78	0.33099999999999996
79	0.21999999999999975
80	0.21999999999999975
81	0.3299999999999996
82	0.21999999999999975
83	0.3299999999999996
84	0.21999999999999975
85	0.3299999999999996
86	0.21999999999999975
87	0.21999999999999975
88	0.3299999999999996
89	0.21999999999999975
90	0.21999999999999975
91	0.3299999999999996
92	0.2199999999999993
93	0.3299999999999992
94	0.21999999999999886
95	0.3299999999999983
96	0.21999999999999886
97	0.21999999999999886
98	0.3299999999999983
99	0.21999999999999886
100	0.21999999999999886
101	0.3299999999999983
102	0.21999999999999886
103	0.3299999999999983
104	0.21999999999999886
105	0.3299999999999983
106	0.21999999999999886
107	0.21999999999999886
108	0.3299999999999983
109	0.21999999999999886
110	0.21999999999999886
111	0.3299999999999983
112	0.21999999999999886
113	0.3299999999999983
114	0.21999999999999886
115	0.3299999999999983
116	0.21999999999999886
117	0.21999999999999886
118	0.3299999999999983
119	0.21999999999999886
120	0.21999999999999886
121	0.3299999999999983
122	0.21999999999999886
123	0.3299999999999983
124	0.2729999999999997
125	0.2730000000000006
126	0.5300000000000002
127	0.367
128	0.6399999999999997
129	0.3669999999999991
130	0.2809999999999997
131	0.28300000000000036
132	0.6129999999999987
133	0.33199999999999896
134	0.6129999999999987
135	0.3299999999999983
136	0.29299999999999926
137	0.2939999999999996
138	0.6239999999999979
139	0.33099999999999863
140	0.6239999999999979
141	0.3299999999999983
142	0.2969999999999997
143	0.29800000000000093
144	0.6279999999999992
145	0.3309999999999995
146	0.6279999999999992
147	0.3299999999999983
148	0.30599999999999916
149	0.3070000000000004
150	0.6369999999999987
151	0.3309999999999995
152	0.6369999999999987
153	0.3299999999999983
154	0.31400000000000006
155	0.3150000000000013
156	0.6449999999999996
157	0.3309999999999995
158	0.6449999999999996
159	0.3299999999999983
160	0.3179999999999996
161	0.3200000000000003
162	0.6499999999999986
163	0.33199999999999896
164	0.6499999999999986
165	0.3299999999999983
166	0.32699999999999996
167	0.3280000000000012
168	0.6579999999999995
169	0.3309999999999995
170	0.6579999999999995
171	0.3299999999999983
172	0.33000000000000007
173	0.3310000000000013
174	0.6609999999999996
175	0.33399999999999963
176	0.6639999999999997
177	0.44299999999999784
178	0.33899999999999864
179	0.586999999999998
180	0.363999999999999
181	0.35499999999999865
182	0.6939999999999973
183	0.3439999999999994
184	0.3439999999999994
185	0.6739999999999977
186	0.6029999999999998
187	0.5889999999999986
188	0.5889999999999986
189	0.6129999999999995
190	0.613999999999999
191	0.613999999999999
192	0.613999999999999
193	0.6169999999999991
194	0.6219999999999999
195	0.6219999999999999
196	0.6219999999999999
197	0.6239999999999988
198	0.6279999999999983
199	0.6279999999999983
200	0.6279999999999983
201	0.629999999999999
202	0.6339999999999986
203	0.6339999999999986
204	0.6339999999999986
205	0.634999999999998
206	0.6399999999999988
207	0.6400000000000023
208	0.6400000000000059
209	0.6420000000000048
210	0.6450000000000031
211	0.6450000000000031
212	0.6450000000000031
213	0.6470000000000056
214	0.6500000000000057
215	0.6500000000000057
216	0.6500000000000057
217	0.6510000000000034
218	0.6570000000000036
219	0.6570000000000036
220	0.6570000000000036
221	0.659000000000006
222	0.6640000000000086
223	0.6640000000000086
224	0.6640000000000086
225	0.6670000000000087
226	0.6680000000000064
227	0.6680000000000064
228	0.6680000000000064
229	0.6700000000000053
230	0.6710000000000065
231	0.6710000000000065
232	0.6710000000000065
233	0.34400000000000475
234	0.7510000000000083
235	0.34600000000000364
236	0.34600000000000364
237	0.6900000000000084
238	0.6900000000000084
239	0.3560000000000052
240	0.3560000000000052
241	0.3640000000000043
242	0.3640000000000043
243	0.7200000000000095
244	0.7200000000000095
245	0.3850000000000051
246	0.3850000000000051
247	0.6470000000000056
248	0.4820000000000064
249	0.4820000000000064
250	0.7570000000000086
251	0.40600000000000236
252	0.40600000000000236
253	0.7360000000000113
254	0.6520000000000046
255	0.4660000000000082
256	0.4660000000000082
257	0.6580000000000048
258	0.5220000000000056
259	0.5220000000000056
260	0.7420000000000115
261	0.4360000000000035
262	0.4360000000000035
263	0.7660000000000124
264	0.6680000000000064
265	0.45200000000000884
266	0.45200000000000884
267	0.6690000000000076
268	0.5470000000000077
269	0.5470000000000077
270	0.7670000000000137
271	0.4650000000000034
272	0.4650000000000034
273	0.6850000000000094
274	0.6760000000000019
275	0.34399999999999764
276	0.5640000000000036
277	0.5640000000000036
278	0.3530000000000051
279	0.3480000000000061
280	0.3539999999999992
281	0.5740000000000052
282	0.5740000000000052
283	0.44600000000000506
284	0.36000000000000654
285	0.47600000000000264
286	0.47600000000000264
287	0.47600000000000264
288	0.44600000000000506
289	0.48000000000000753
290	0.48000000000000753
291	0.48000000000000753
292	0.48000000000000753
293	0.48600000000000776
294	0.48600000000000776
295	0.48600000000000776
296	0.48600000000000776
297	0.497000000000007
298	0.497000000000007
299	0.497000000000007
300	0.497000000000007
301	0.5050000000000061
302	0.5050000000000061
303	0.5050000000000061
304	0.5050000000000061
305	0.5200000000000067
306	0.5200000000000067
307	0.5200000000000067
308	0.5200000000000067
309	0.529000000000007
310	0.529000000000007
311	0.529000000000007
312	0.529000000000007
313	0.45300000000000296
314	0.4559999999999995
315	0.7860000000000085
316	0.7860000000000085
317	0.45900000000000674
318	0.46300000000000807
319	0.6850000000000058
320	0.6850000000000058
321	0.5590000000000046
322	0.5519999999999996
323	0.46899999999999764
324	0.6890000000000001
325	0.6889999999999965
326	0.5790000000000006
327	0.47399999999999665
328	0.4749999999999943
329	0.6949999999999932
330	0.6949999999999932
331	0.5509999999999948
332	0.47800000000000153
333	0.48100000000000165
334	0.7010000000000005
335	0.8109999999999999
336	0.5529999999999973
337	0.49099999999999966
338	0.4969999999999999
339	0.7169999999999987
340	0.7169999999999987
341	0.5009999999999977
342	0.5030000000000001
343	0.5060000000000002
344	0.7809999999999988
345	0.7809999999999988
346	0.5159999999999982
347	0.5219999999999985
348	0.5229999999999961
349	0.7609999999999957
350	0.7609999999999957
351	0.6769999999999996
352	0.6780000000000044
353	0.7240000000000038
354	0.8340000000000032
355	0.6809999999999974
356	0.681999999999995
357	0.7359999999999971
358	0.742999999999995
359	0.6859999999999999
360	0.6869999999999976
361	0.7439999999999998
362	0.7460000000000022
363	0.7379999999999995
364	0.6920000000000002
365	0.7519999999999953
366	0.7539999999999978
367	0.7539999999999978
368	0.7060000000000031
369	0.7630000000000052
370	0.7680000000000007
371	0.7680000000000007
372	0.7299999999999969
373	0.7749999999999986
374	0.7790000000000035
375	0.7790000000000035
376	0.7790000000000035
377	0.7820000000000036
378	0.7850000000000037
379	0.7850000000000037
380	0.7850000000000037
381	0.7910000000000039
382	0.7929999999999993
383	0.7929999999999993
384	0.7929999999999993
385	0.7989999999999995
386	0.8019999999999996
387	0.8019999999999996
388	0.8019999999999996
389	0.8039999999999949
390	0.8089999999999975
391	0.8089999999999975
392	0.8089999999999975
393	0.8160000000000025
394	0.8190000000000026
395	0.8190000000000026
396	0.8190000000000026
397	0.8230000000000004
398	0.8250000000000028
399	0.8250000000000028
400	0.8250000000000028
401	0.8320000000000007
402	0.8359999999999985
403	0.8359999999999985
404	0.8359999999999985
405	0.8400000000000034
406	0.8420000000000059
407	0.8420000000000059
408	0.8420000000000059
409	0.8449999999999989
410	0.8469999999999942
411	0.8469999999999942
412	0.8469999999999942
413	0.8599999999999994
414	0.8620000000000019
415	0.8620000000000019
416	0.8620000000000019
417	0.8689999999999998
418	0.8719999999999999
419	0.8719999999999999
420	0.8719999999999999
421	0.8729999999999976
422	0.8759999999999977
423	0.8759999999999977
424	0.8759999999999977
425	0.8810000000000002
426	0.8819999999999979
427	0.8819999999999979
428	0.8819999999999979
429	0.8889999999999958
430	0.8919999999999959
431	0.8919999999999959
432	0.8919999999999959
433	0.8960000000000008
434	0.8969999999999985
435	0.8969999999999985
436	0.8969999999999985
437	0.8989999999999938
438	0.8999999999999986
439	0.8999999999999986
440	0.8999999999999986
441	0.902000000000001
442	0.9039999999999964
443	0.9039999999999964
444	0.9039999999999964
445	0.9089999999999989
446	0.911999999999999
447	0.911999999999999
448	0.911999999999999
449	0.9129999999999967
450	0.9170000000000016
451	0.9170000000000016
452	0.9170000000000016
453	0.9179999999999993
454	0.921999999999997
455	0.921999999999997
456	0.921999999999997
457	0.9260000000000019
458	0.9269999999999996
459	0.9269999999999996
460	0.9269999999999996
461	0.931999999999995
462	0.9369999999999976
463	0.9369999999999976
464	0.9369999999999976
465	0.9420000000000002
466	0.9429999999999978
467	0.9429999999999978
468	0.9429999999999978
469	0.9519999999999982
470	0.9639999999999986
471	0.9639999999999986
472	0.9639999999999986
473	0.9689999999999941
474	0.972999999999999
475	0.972999999999999
476	0.972999999999999
477	0.9849999999999994
478	0.9859999999999971
479	0.9859999999999971
480	0.9859999999999971
481	0.990000000000002
482	0.9989999999999952
483	0.9989999999999952
484	0.9989999999999952
485	0.9249999999999972
486	0.9269999999999925
487	0.9309999999999974
488	0.9339999999999975
489	0.938999999999993
490	0.9429999999999978
491	0.9470000000000027
492	0.9560000000000031
493	0.9639999999999986
494	0.9689999999999941
495	0.9739999999999895
496	0.98599999999999
497	0.9869999999999948
498	0.9909999999999997
499	0.9989999999999952